5.227999999999999962e-07
9.965457036120002468e-08
1.793557713105455566e-08
9.417362880666637516e-09
3.634468009503141753e-09
2.520200034848100165e-09
1.460152670061825414e-09
1.013929735475326922e-09
6.946157106507878041e-10
4.986706485309990892e-10
3.640999999999999628e-10
2.705932745829240611e-10
2.040217538680505024e-10
1.555216323136699207e-10
1.197291512378796611e-10
9.300792069138649293e-11
7.283603485268865462e-11
5.741789419858832563e-11
4.556253188737956970e-11
3.636733668214567173e-11
2.918000000000000289e-11
2.353848795415651940e-11
1.907123351819585677e-11
1.551624976924472541e-11
1.268240782118800260e-11
1.040301853713167420e-11
8.558840114484942235e-12
7.066374399613809673e-12
5.850835113818950537e-12
4.858312745400252276e-12
4.044999999999999829e-12
3.374745225796048253e-12
2.822932487035531412e-12
2.366291726673935470e-12
1.987131265149280735e-12
1.672377090984532383e-12
1.410325508408174945e-12
1.191301242737744081e-12
1.008014813141039948e-12
8.543321617666227918e-13
7.254999999999998874e-13
6.173136393092231294e-13
5.261277672878458075e-13
4.493248232295852000e-13
3.844978320258923728e-13
3.296985033043488450e-13
2.833377405542782191e-13
2.439826987474672837e-13
2.105344008095242425e-13
1.821764088814222115e-13
1.581000000000000029e-13
1.374952151971793595e-13
1.199300004403612413e-13
1.049897316367816813e-13
9.214751422313281276e-14
8.112055661760620783e-14
7.167624210642019983e-14
6.354412799814181108e-14
5.654172756052783895e-14
5.048975471893206653e-14
4.525000000000000283e-14
4.071578645179277352e-14
3.676630309534488498e-14
3.332600751384483489e-14
3.032226052853263559e-14
2.769094066955580440e-14
2.537784851748251831e-14
2.333871624036540255e-14
2.153866793512089428e-14
1.994163767279243663e-14
1.851999999999999959e-14
1.725235760423855970e-14
1.611629217963387410e-14
1.509613382957491474e-14
1.418017231088026287e-14
1.334302293108426238e-14
1.258338043929254687e-14
1.189699020122148567e-14
1.126488883997265111e-14
1.068777623763221287e-14
1.014999999999999966e-14
9.661034033758999510e-15
9.205082966980181624e-15
8.781384030978667133e-15
8.386971717471710631e-15
8.018342684149752659e-15
7.673379966106738783e-15
7.349032799627912173e-15
7.043820225921147456e-15
6.756968407325390091e-15
6.485999999999999292e-15
6.228673876891557097e-15
5.986165519584780717e-15
5.755472154952841134e-15
5.535925352438045681e-15
5.327552867534176056e-15
5.128611937363842187e-15
4.938941459317201717e-15
4.758516082871556817e-15
4.585110096512903529e-15
4.420000000000000036e-15
