1.000000000000000000e+05
1.090000000000000000e+05
1.180000000000000000e+05
1.270000000000000000e+05
1.360000000000000000e+05
1.450000000000000000e+05
1.540000000000000000e+05
1.630000000000000000e+05
1.720000000000000000e+05
1.810000000000000000e+05
1.900000000000000000e+05
1.990000000000000000e+05
2.080000000000000000e+05
2.170000000000000000e+05
2.260000000000000000e+05
2.350000000000000000e+05
2.440000000000000000e+05
2.530000000000000000e+05
2.620000000000000000e+05
2.710000000000000000e+05
2.800000000000000000e+05
2.890000000000000000e+05
2.980000000000000000e+05
3.070000000000000000e+05
3.160000000000000000e+05
3.250000000000000000e+05
3.340000000000000000e+05
3.430000000000000000e+05
3.520000000000000000e+05
3.610000000000000000e+05
3.700000000000000000e+05
3.790000000000000000e+05
3.880000000000000000e+05
3.970000000000000000e+05
4.060000000000000000e+05
4.150000000000000000e+05
4.240000000000000000e+05
4.330000000000000000e+05
4.420000000000000000e+05
4.510000000000000000e+05
4.600000000000000000e+05
4.690000000000000000e+05
4.780000000000000000e+05
4.870000000000000000e+05
4.960000000000000000e+05
5.050000000000000000e+05
5.140000000000000000e+05
5.230000000000000000e+05
5.320000000000000000e+05
5.410000000000000000e+05
5.500000000000000000e+05
5.590000000000000000e+05
5.680000000000000000e+05
5.770000000000000000e+05
5.860000000000000000e+05
5.950000000000000000e+05
6.040000000000000000e+05
6.130000000000000000e+05
6.220000000000000000e+05
6.310000000000000000e+05
6.400000000000000000e+05
6.490000000000000000e+05
6.580000000000000000e+05
6.670000000000000000e+05
6.760000000000000000e+05
6.850000000000000000e+05
6.940000000000000000e+05
7.030000000000000000e+05
7.120000000000000000e+05
7.210000000000000000e+05
7.300000000000000000e+05
7.390000000000000000e+05
7.480000000000000000e+05
7.570000000000000000e+05
7.660000000000000000e+05
7.750000000000000000e+05
7.840000000000000000e+05
7.930000000000000000e+05
8.020000000000000000e+05
8.110000000000000000e+05
8.200000000000000000e+05
8.290000000000000000e+05
8.380000000000000000e+05
8.470000000000000000e+05
8.560000000000000000e+05
8.650000000000000000e+05
8.740000000000000000e+05
8.830000000000000000e+05
8.920000000000000000e+05
9.010000000000000000e+05
9.100000000000000000e+05
9.190000000000000000e+05
9.280000000000000000e+05
9.370000000000000000e+05
9.460000000000000000e+05
9.550000000000000000e+05
9.640000000000000000e+05
9.730000000000000000e+05
9.820000000000000000e+05
9.910000000000000000e+05
1.000000000000000000e+06
